52111081199
57012598132
95120351183
01230483681
76080845610
65022239124
61042518115
90070758599
91120585588
75010465253
63080763942
52050745796
70032732557
98122886914
99092673366
64091187691
79040788292
66082285128
03211654961
57122495722
66020156938
61112386271
75012488373
79071373397
56051138197
01310953383
87110846276
55011081753
63120937783
61060332955
05241079561
51110952112
88012622755
84071179218
63031996546
91122092246
02272295667
90110172692
49051472189
05211413579
49011083594
03310292929
94080947559
98081358886
93020841874
81010633134
02221744471
58102145266
80022716154
89060352771
68101286785
80071363956
81080131783
98020959921
53032115668
76083146548
85110491311
56041098456
61011487291
96070549679
79090869299
58021655554
03212741275
83122983330
75051227474
76021735184
78110122749
80041641123
81010574567
06311142740
75012783973
80042558385
79062436485
93112344421
70011423666
69081044383
98071088561
81101112843
94071899461
88051446459
96071435384
96091294846
52090627355
75111325630
72070354981
04302551532
70092899279
54040127465
71110354350
53070898911
06272584938
51082217682
61101739811
50072578219
87051438864
91122969541
67120995188
54101182152
63122816281
73073017374
80082276283
66041034613
65053159187
54082053458
51081922512
85050727424
91110755124
95040862273
00323063979
70050687414
60061737837
74032379591
80102263459
85070654333
57092299261
48062268273
60092713563
81021856984
93041256147
55030453986
82062478274
94050184337
68112836119
77070474965
77110287322
61010445625
95032223512
73061911921
96032829234
59122391437
59090379725
69080278411
70051799538
00303169611
80012599798
79092113358
69071481112
74092228761
70091646117
50092427348
84040523244
56080462461
83072096988
87080683213
69100956639
50072187824
49092092159
62083194155
89080373619
00291949145
67042273874
96121189243
57111498239
64012266986
64052043147
91051685744
74050125264
63030275527
94021223379
67021953456
96022151617
03232526371
96120635837
59120125827
53092671182
95040627593
83070453631
72051128118
82042662383
83030241737
77110353296
64012462146
92121012585
48112016799
55070719862
59081951585
75091765862
77030829198
71070419977
88091866259
68051334121
58071629981
01260481279
61102564665
82122541632
96061986841
04221995253
68090419948
98052161167
70071579646
70122087892
88051639194
03253078961
83070983451
00301472443
81061311795
88071592978
04210242119
91050713237
86121393542

